start=191.548000
osd-level=3
sid=1
ab-loop-a=538.352000
ab-loop-b=538.352000
